2193.0542 2245.493  1875.7378 1696.1636 1691.7275 1982.8523 2122.3037
 1714.8021 2096.1538 2168.3145 2145.5894 1873.2168 2171.7832 1828.4574
 2110.1997 2055.7441 2106.4146 2216.3347 2467.4028 2229.8154 2382.535
 1859.2493 2187.8223 2296.6824 1927.2102 1828.3132 2138.899  2166.8652
 2225.9932 2210.9497 1951.004  2416.3142 2147.4512 1853.2483 1687.806
 1699.6567 2370.1982 1683.0234 1854.8054 2219.4556 2167.9058 1816.0613
 2514.385  2010.0756 2020.6711 1819.636  2297.7554 1818.4275 2053.0938
 1887.8237 2224.131  2228.1772 1943.7466 1922.0613 2262.097  2200.6519
 2269.8186 1553.885  1967.834  2281.0183 1968.6682 1719.0575 2218.6787
 2023.5996 1834.5234 1870.384  2470.6665 2064.0728 2129.3037 2072.9014
 1716.8973 2072.8887 1921.2495 2296.7146 2131.5776 2043.6104 2327.0833
 2048.7263 1968.5574 2279.15   2012.6882 2141.087  1820.0857 2145.766
 1995.3384 2062.7964 2003.2202 2049.6602 2255.4014 2294.9297 1910.3615
 2145.0508 2137.182  2328.1917 2323.0713 1878.1969 2257.4736 2000.6406
 1954.7281 2222.8997 1917.8276 2171.462  2407.7124 1661.3888 2046.6748
 2186.307  1690.4932 1892.7635 1911.8628 1992.9944 1861.2545 2198.1318
 2075.1577 1750.6294 1870.2004 2136.9956 2514.0095 1979.654  1997.5134
 1823.3696 1714.1504 1685.5765 1823.1172 1772.2261 1883.8898 1847.0012
 1969.9468 2039.0032 2041.4177 2339.1624 2159.6733 2039.2126 1946.6289
 1824.4453 2412.3284 2038.7346 2112.3633 2171.0566 1837.6099 2312.4995
 2078.3704 2059.6833 2042.6936 1836.5503 1802.3862 2261.727  1924.298
 1852.5188 2173.2454 2305.6353 2189.6597 2097.8975 2133.5771 2104.1768
 1954.9418 1834.5825 2080.4888 2078.8687 1960.8882 1899.3483 1894.2861
 1931.6448 1831.7859 1728.9402 2094.6172 2078.054  2086.2983 1868.3037
 2150.018  2106.1177 1808.4625 2188.6353 2357.0913 2158.3877 2061.956
 1890.7839 2158.289  1961.8655 1752.8561 1864.3643 1884.6418 1969.0393
 2134.3115 1886.8638 2252.0762 1947.0308 2118.6113 2052.9077 2267.686
 2216.2441 1935.3201 2333.6538 2217.087  2182.7847 2504.649  2359.6572
 2110.831  1950.6555 2525.1265 2113.928  2046.1979 2268.6152 2013.7617
 1825.0011 1904.4755 2041.1062 2164.179  2305.9338 2049.4985 1936.8649
 2115.9329 2020.4495 1891.127  2117.8948 2245.9646 1818.4863 2274.839
 1995.0039 1850.4844 2149.6357 2087.2036 2469.5989 1754.5603 2087.5625
 1948.5787 2042.5361 2056.4749 1837.0364 1827.1489 2230.8384 1890.3827
 1852.834  1903.5227 2370.233  2020.1472 1648.2009 2073.624  2392.682
 1997.4807 2212.4011 1980.9121 2042.74   2300.13   2128.1045 2036.7046
 1996.367  2205.0112 2161.4497 2026.1737 1729.2534 1929.7352 2032.8804
 1866.7887 2448.934  2089.7043 2085.0327 1684.3508 2289.234  1832.9619
 1725.0452 2003.993  1920.9293 1774.3984 1977.9241 2060.5557 2132.3735
 1916.1843 1885.7235 2049.165  2243.5864 2211.6387 1832.5319 2382.1262
 2032.8738 2216.2368 2221.2603 1997.7672 2264.2778 2195.1494 2064.7935
 1961.5955 1707.9031 2211.7627 1930.5399 1698.1636 1996.9434 1785.3821
 2185.983