1940.3789 1924.5619 1770.342  1965.2732 2022.6846 1937.7043 1603.2446
 1872.2375 1748.9021 1970.0132 1999.904  1767.8303 1711.6033 2123.683
 1878.903  1759.1069 1627.196  1855.7156 1832.2946 2258.9248 1794.8751
 1996.7517 2030.6946 1771.9634 1849.237  1662.3813 1701.9385 1645.7463
 2108.5806 1665.5835 1900.2778 1894.255  1817.5144 1918.8503 1451.4038
 1831.1316 1968.0735 1782.3328 2083.9507 1533.4363 1910.2986 2132.2769
 1713.5387 1803.2979 1969.1034 1797.2285 1829.7678 1913.7335 2139.856
 1857.3901 2231.226  2021.0884 1721.6335 1700.7601 1789.774  1910.516
 2139.3257 1915.4939 1773.092  1838.313  1680.77   1930.1003 1758.6858
 1936.5076 1971.0773 1742.9976 2045.9622 1712.8999 2095.0767 1770.3135
 1800.5872 2002.9628 1902.3433 1650.0721 1937.9738 1815.9353 2103.6172
 1711.4111 1942.866  1897.8628 1860.8835 1818.107  1971.0719 1753.2234
 1746.2832 1778.0114 1817.1812 2014.4314 1830.0273 2093.8425 1848.5356
 1850.8065 1963.9568 1852.8214 1966.655  2051.1626 1827.8687 1736.3937
 2151.094  2008.3138 1941.0854 2076.2952 1739.5953 2015.1707 2148.0625
 1777.3678 1803.9456 1911.3138 2078.6416 1818.6355 1911.9803 1746.9537
 1711.3984 1818.3319 1526.5    2035.3243 1793.2485 2083.9482 1582.5605
 2007.4211 1900.4926 1898.4294 1698.3584 1757.034  2054.062  1649.5321
 1645.2656 1816.0566 1682.05   1815.4713 1998.9397 1559.1785 1929.0662
 1497.2799 1943.1697 1460.2473 2078.9263 2055.191  1685.5503 1802.5879
 1793.9081 2045.7146 1952.9044 1662.5852 1703.6113 1785.4447 2001.1898
 1947.3394 1837.0594 1730.3007 1864.8264 2075.2603 1884.751  1692.364
 1916.5148 1500.8188 1896.1296 1857.6488 1852.863  1726.9584 1671.5248
 1737.009  1890.1167 1948.6707 1838.0422 1708.1111 1925.1074 1832.9536
 1857.8569 2018.9224 2186.165  1638.5847 1618.5887 2076.218  1583.5911
 1971.4097 2089.5615 1906.1951 2105.1743 2022.502  1956.6599 1957.8262
 2157.4111 1858.4692 1817.9158 1623.1122 1819.2874 1778.9153 1689.9539
 1945.2286 1865.0107 2085.2246 2012.9583 1868.5673 1820.5626 1923.5005
 1868.8617 1887.4689 2080.0674 1814.6594 2189.1938 2203.5244 1994.0074
 1694.2544 1566.6302 1856.9137 2182.853  1748.394  1665.7454 1882.1682
 1730.1277 2019.4375 1664.325  2000.8892 1676.8496 1935.7295 1926.811
 1818.1592 1703.043  1876.241  1849.0332 2104.4028 1927.8954 1842.5237
 1644.1838 1871.0039 1799.9006 1719.9666 1828.4839 1852.0933 1938.2133
 1993.2407 2045.0271 1764.3931 1668.9712 1661.3384 1698.6067 1725.0156
 1792.6113 1822.0599 2282.1199 2047.2236 1783.3606 2072.087  2121.5737
 1782.863  1978.7312 2039.8813 2070.0405 1661.0444 1984.1824 1676.3541
 2046.801  1964.4097 1719.7593 2065.3606 1663.9822 1859.1016 1483.9121
 1561.202  1553.0095 1854.445  1613.9103 1946.6118 1872.5759 1997.9912
 1968.3518 2249.2417 1971.9109 1820.0674 2051.4934 1839.092  1782.8375
 1601.4849 1875.7861 1923.485  1664.011  2058.7183 1724.5583 2002.8333
 1981.3794 1786.6006 1460.1667 1785.8789 2051.138  1567.3206 2077.4272
 1890.1049