1650.9521 1768.3121 2187.4385 1437.699  1901.0603 1802.6555 1888.1145
 2148.1787 1736.3245 1556.3373 1889.2039 2107.204  1797.1733 1851.7852
 1726.4995 2046.7874 2066.0532 2055.7898 1774.3342 1547.0361 1849.8606
 2000.2366 2002.0331 2135.1648 2286.0767 1869.4781 1702.9047 1523.8767
 2026.4868 2016.163  1968.9758 1947.1721 1891.3767 1715.2568 1845.8401
 1909.8558 2011.3158 1842.2878 1947.3137 1667.5293 2366.0032 1941.9216
 2071.9922 2096.9607 2129.2944 1891.7092 1738.926  1851.7382 1839.6707
 1847.4197 1871.1709 2035.009  2137.7937 1908.8585 1874.8921 1428.8507
 1777.6941 1937.4937 1794.1047 1584.499  1806.6543 2105.5098 1733.5603
 1776.4724 1896.6952 1996.3862 1767.1401 2062.8696 1764.2432 2126.605
 2046.4451 1754.9424 1905.0143 1950.6921 1939.758  1859.8103 2066.7036
 2001.0884 2008.9165 1687.7489 1816.6826 1681.3268 1760.7775 2116.7246
 1854.8185 1800.3735 2282.8408 2514.9385 2091.787  1428.1321 2015.6499
 1798.1765 2013.2775 1640.6104 1734.7048 1617.3523 2045.5945 1989.4705
 1847.9897 1993.0903 1552.9526 2003.5259 1731.1063 1718.2799 1777.9355
 2111.6553 2004.013  1804.675  2007.2454 1773.6925 1749.0183 1766.0576
 1891.7839 1815.1775 1940.0493 1871.3164 1812.7521 1928.9775 2329.5676
 2061.7485 1889.7678 1924.4026 1792.45   1817.5693 1600.185  1870.671
 2015.0546 2116.2886 1641.23   1746.6815 1834.6782 1987.222  2177.4255
 2000.9128 1867.3557 1684.9639 1659.9761 1934.6411 2126.3604 1849.2742
 1846.0842 1812.8895 1795.9152 1781.6389 2541.9082 1860.4923 1707.706
 1967.0046 1880.932  2250.5151 1818.8445 1809.0288 1852.6401 1747.6394
 1971.3796 1905.5448 1627.9053 1603.4294 2115.4175 1681.2781 1672.3357
 1965.734  1872.6975 2006.5863 1753.944  1958.1013 1627.5833 1955.5289
 2118.1511 1976.6914 1860.006  1702.393  1933.0142 2312.2168 2127.6333
 2164.4023 1956.001  1761.008  1881.7163 2284.3545 2040.0812 2118.3335
 1510.3391 1532.6624 1800.5165 1798.9338 1784.8965 1880.6636 1545.4915
 1733.899  1693.6375 2176.0059 1790.2822 2170.8804 1944.4763 1894.5857
 1528.231  2299.83   1619.0459 1869.7592 1576.6256 1863.7731 2015.7816
 1604.3197 1781.1289 1757.344  2138.4624 1921.0417 1949.6663 2123.221
 1566.5332 1999.3097 1803.9098 1905.1807 1941.8823 2023.2114 1901.772
 1597.6888 2016.3782 1891.1206 1951.9207 2050.706  2164.4878 1703.9487
 1990.5505 1948.7224 1976.7942 1995.8994 1771.7532 1874.1862 1810.338
 1615.647  1681.6934 1852.4001 2014.436  1779.643  2302.8208 1997.0735
 1966.4652 1760.3563 1897.2018 2089.777  2334.7578 2193.6245 1602.1677
 1702.1525 2035.4677 2008.1814 2169.1055 1926.9164 1879.6473 1633.8871
 1753.0919 1744.5781 1910.4641 1601.9227 1976.5844 1834.1294 1706.467
 1833.5476 1725.1257 2169.414  1990.5864 2190.133  2058.2358 2194.4746
 1973.5143 2064.6553 1844.3167 2043.2592 1717.6055 2007.9032 1927.3981
 2186.1416 1968.0171 1693.03   1983.2335 2017.1257 1687.9344 1867.3531
 1980.3048 1828.7426 1915.7422 2194.3599 1794.2831 1732.7478 1874.4021
 2356.212